 Camera matrix:
[[492.07322693   0.         311.530553  ]
 [  0.         492.19478694 242.44158817]
 [  0.           0.           1.        ]]

 Distortion coefficient:
[[ 3.23547400e-01 -1.47500321e+00 -1.40266246e-04 -1.34290186e-03
   8.58477151e-01]]

 Rotation Vectors:
[array([[ 0.23556676],
       [ 0.21014495],
       [-1.51867802]]), array([[ 0.35512586],
       [ 0.31190527],
       [-1.49409835]]), array([[ 0.27109776],
       [ 0.14850323],
       [-1.506093  ]]), array([[ 0.30436022],
       [ 0.20189007],
       [-1.4819349 ]]), array([[-0.12718457],
       [-0.12740851],
       [ 1.55920306]]), array([[-0.00733398],
       [-0.22866088],
       [ 1.5958932 ]]), array([[ 0.38851737],
       [ 0.11463957],
       [-1.45583573]]), array([[-0.28515059],
       [-0.05741897],
       [ 1.48641902]]), array([[-0.30149293],
       [-0.01949884],
       [ 1.49811383]]), array([[-0.18923532],
       [-0.22777166],
       [-1.56234383]]), array([[-0.58094683],
       [ 0.07803757],
       [ 1.46151925]]), array([[-0.52929478],
       [ 0.12975159],
       [ 1.47143693]]), array([[ 0.4336412 ],
       [ 0.41931287],
       [-1.45275221]]), array([[-0.34408765],
       [-0.12274541],
       [ 1.52640081]]), array([[-0.29447969],
       [-0.05916372],
       [ 1.53821605]]), array([[-0.00367473],
       [-0.21301764],
       [-1.55318204]]), array([[-0.11375959],
       [ 0.08217859],
       [ 1.55990477]]), array([[-0.03981391],
       [ 0.16247934],
       [ 1.57671291]]), array([[ 0.02705433],
       [-0.07946833],
       [ 1.56141566]]), array([[ 0.09101871],
       [-0.12511918],
       [ 1.5721109 ]]), array([[ 0.18114542],
       [ 0.11434797],
       [-1.54051838]]), array([[ 0.49706177],
       [ 0.49338636],
       [-1.41466079]]), array([[-0.22762588],
       [-0.28651429],
       [-1.54283684]]), array([[-0.25124955],
       [ 0.13188774],
       [ 1.56366398]]), array([[-0.09436109],
       [ 0.06673897],
       [ 1.53709378]]), array([[-0.0317144 ],
       [-0.05754735],
       [ 1.55253985]]), array([[ 0.12583294],
       [ 0.04309702],
       [-1.53731455]]), array([[ 0.22060726],
       [ 0.09557988],
       [-1.50825273]])]

 Translation Vectors:
[array([[-3.18984357],
       [ 3.52254301],
       [18.09377427]]), array([[-3.59345069],
       [ 3.97215535],
       [18.56648929]]), array([[-3.24977554],
       [ 3.47592473],
       [17.43284236]]), array([[-3.36973326],
       [ 3.54912902],
       [17.95839052]]), array([[ 4.61144817],
       [-3.36396726],
       [16.4335197 ]]), array([[ 4.82146353],
       [-3.29022592],
       [16.33984152]]), array([[-0.92502356],
       [ 3.77212368],
       [17.99073422]]), array([[ 4.90656812],
       [-3.68304018],
       [17.04319619]]), array([[ 3.10702894],
       [-3.61690287],
       [16.20573446]]), array([[-0.91905658],
       [ 2.55365313],
       [13.8375786 ]]), array([[ 3.20986527],
       [-3.8003724 ],
       [16.29089896]]), array([[ 3.0299012],
       [-4.3784831],
       [17.3262573]]), array([[-3.55780068],
       [ 4.21348906],
       [18.95016476]]), array([[ 3.1845556 ],
       [-4.28423727],
       [17.13247639]]), array([[ 3.12550945],
       [-3.6567343 ],
       [16.4588625 ]]), array([[-1.34943007],
       [ 3.08822039],
       [14.15410466]]), array([[ 2.88019292],
       [-3.74783816],
       [14.48487686]]), array([[ 3.20432254],
       [-3.56476236],
       [14.50002972]]), array([[ 2.09787301],
       [-2.95991675],
       [16.37923207]]), array([[ 2.27858442],
       [-3.41527743],
       [16.36362918]]), array([[-3.2689955 ],
       [ 2.96186764],
       [17.43209949]]), array([[-3.72915462],
       [ 3.91922276],
       [19.25756775]]), array([[-2.22575659],
       [ 1.93481069],
       [15.99076451]]), array([[ 2.28528057],
       [-4.44037662],
       [17.67467727]]), array([[ 2.39626935],
       [-4.50430525],
       [16.53948002]]), array([[ 1.91843172],
       [-3.63284126],
       [15.91349637]]), array([[-2.87261329],
       [ 3.27436792],
       [16.14272928]]), array([[-3.12219922],
       [ 3.53953749],
       [16.70021806]])]